30
21
29
0
42
16
49
47
12
43
0
19
14
03
12
09
30
03
08
38
0
24
05
31
24
40
22
13
03
10
50
03
10
38
0
47
05
24
10
14
14
05
38
22
32
07
20
11
0
20
48
33
09
12
49
38
04
09
0
44
41
26
33
19
17
08
34
43
29
35
0
28
49
42
32
14
41
17
48
26
34
46
09
05
21
41
14
46
14
0
44
43
08
14
13
45
27
30
35
39
40
30
02
40
03
48
0
46
02
48
23
15
10
42
34
40
46
22
48
0
15
48
39
38
18
24
30
27
10
04
24
12
14
16
03
30
35
02
49
09
42
45
30
0
35
07
46
38
39
39
06
46
09
40
03
26
39
15
37
19
32
36
39
19
33
49
04
41
26
47
33
09
49
0
29
04
50
07
24
48
06
26
12
37
41
49
29
31
03
01
07
16
07
46
04
25
41
42
43
-1