030.46
079.21
034.37
030.39
092.90
051.77
014.18
006.04
063.56
046.71
098.67
071.88
095.88
086.04
045.08
055.17
061.22
096.32
043.65
039.23
089.59
088.71
001.53
050.10
080.98
099.03
099.11
068.12
023.49
060.64
016.21
003.81
090.03
002.31
093.03
012.40
071.53
099.63
030.37
034.17
095.33
043.87
040.34
096.10
076.42
001.17
024.53
044.18
078.00
008.73
070.75
021.67
039.20
031.73
048.24
021.72
093.90
091.34
024.79
033.39
008.49
064.91
080.93
031.80
042.59
003.97
007.05
100.18
040.52
055.12
034.68
072.83
007.07
057.08
047.06
003.43
045.45
092.72
037.15
083.49
027.15
032.87
020.26
007.60
093.60
043.29
023.76
032.96
098.78
047.55
099.94
080.31
016.90
013.42
084.06
070.88
052.79
096.18
095.54
038.81
096.96
076.47
027.74
045.70
093.51
015.27
007.92
059.00
075.75
065.03
031.78
051.97
082.57
052.68
081.06
006.03
036.59
017.15
093.57
077.55
092.48
005.57
047.11
005.08
098.75
056.03
077.94
023.88
083.33
040.21
046.44
071.29
096.21
035.17
002.88
073.11
046.03
070.97
093.11
013.55
003.24
052.56
025.57
084.87
095.66
081.20
057.82
064.33
005.39
059.39
093.48
025.02
089.25
075.96
027.20
071.81
069.75
067.04
022.57
079.31
075.76
086.47
017.54
029.90
090.56
070.33
078.58
047.62
076.56
026.48
025.92
046.05
069.87
009.07
018.09
031.43
055.01
082.38
035.15
085.96
024.23
080.85
070.35
055.67
031.76
009.47
017.71
048.13
020.28
008.21
088.16
043.35
033.73
022.24
075.43
031.48
055.40
035.78
057.60
083.85
014.36
075.45
036.24
033.30
027.14
067.15
014.27
086.72
091.77
077.22
015.77
065.00
057.20
056.13
016.33
059.40
026.48
069.94
029.16
048.68
068.47
006.11
033.79
080.79
075.81
081.36
048.38
008.38
099.22
064.97
084.74
014.34
040.92
040.28
041.20
018.33
052.09
021.14
041.15
058.34
020.04
010.55
045.79
043.12
075.64
061.55
027.20
014.83
029.73
090.38
083.12
023.77
056.30
047.11
071.43
028.88
010.80
079.71
043.90
033.41
046.67
028.80
097.24
017.47
003.43
061.20
017.71
087.18
030.13
009.29
009.35
001.95
094.80
068.60
012.48
050.95
033.57
009.35
084.95
028.86
057.61
067.80
059.11
084.22
052.08
085.87
051.54
010.98
058.12
077.57
006.82
054.22
010.71
009.25
087.78
013.07
020.57
050.55
024.79
071.51
023.33
011.28
098.70
049.91
094.57
076.40
001.79
063.33
053.71
018.02
054.58
068.27
041.60
032.41
022.86
045.84
030.56
036.44
082.72
072.07
081.75
087.96
093.13
071.66
066.77
017.58
072.39
095.51
061.11
096.85
037.37
065.74
065.26
039.65
088.22
014.55
069.33
030.89
018.58
005.49
066.05
071.96
037.75
038.51
015.13
069.01
068.25
027.97
034.31
026.00
038.03
065.54
088.63
097.41
081.71
064.27
031.36
002.63
063.57
099.59
069.86
025.21
042.68
030.07
070.47
047.25
001.09
028.20
008.02
078.03
023.02
061.04
008.01
024.79
014.51
036.32
028.79
040.56
065.79
088.76
013.73
083.55
085.79
076.07
003.00
040.01
098.95
016.02
062.71
016.57
030.02
098.82
002.00
032.77
100.59
073.44
062.23
035.51
026.53
076.81
037.57
061.66
043.96
022.72
020.23
038.59
063.80
071.72
067.27
053.79
018.90
026.80
028.23
059.24
018.46
069.68
081.56
022.64
018.65
076.68
097.83
053.21
015.45
068.62
016.64
027.75
060.00
100.57
034.25
023.18
083.58
043.61
042.88
020.55
030.49
068.09
030.04
099.37
048.67
056.63
082.26
066.00
032.06
020.59
093.17
066.01
064.65
081.34
087.42
029.30
065.12
026.80
078.15
038.83
063.46
081.09
013.47
033.60
003.84
037.81
047.90
067.11
033.20
093.85
061.12
063.22
050.44
083.92
074.69
002.34
054.05
059.60
082.62
050.49
087.21
070.68
017.77
041.74
097.06
069.12
057.04
013.63
084.61
022.91
013.09
007.93
036.52
081.47
094.64
011.93
092.83
070.95
014.81
033.06
098.46
076.66
095.57
066.08
068.98
071.83
082.78
032.89
088.86
063.43
081.36
094.58
099.64
030.59
045.25
072.71
032.70
010.93
097.40
085.38
004.35
016.71
060.17
040.64
011.74
063.49
077.45
038.92
036.67
001.98
048.99
095.21
080.38
017.86
033.69
083.54
005.16
089.47
002.82
061.62
057.93
099.76
064.02
062.19
097.94
061.88
097.00
025.67
046.36
007.62
067.15
017.86
076.42
042.95
042.55
070.48
045.52
044.86
081.84
060.95
031.89
041.87
023.82
093.62
078.51
075.93
041.87
028.21
088.01
069.30
007.46
050.50
053.19
047.05
086.67
030.83
078.71
034.55
092.51
012.03
043.47
014.16
057.92
010.56
065.63
022.52
011.82
030.78
070.19
022.08
038.74
001.87
028.43
035.82
036.18
081.56
086.09
078.60
008.49
045.79
091.35
084.36
073.42
006.60
007.29
066.91
032.27
079.28
038.28
076.61
037.59
032.84
031.68
075.10
081.51
092.91
046.92
006.77
071.76
001.81
069.97
009.39
092.45
032.66
014.27
062.39
052.78
097.36
030.70
067.49
032.25
051.10
001.00
023.91
075.73
043.79
023.03
003.62
023.68
008.56
045.19
014.49
031.49
064.44
064.43
011.44
099.75
065.25
021.15
034.77
096.69
083.11
007.95
036.93
062.64
095.87
087.91
057.58
022.06
094.61
001.93
067.66
019.27
057.67
040.88
062.01
064.92
009.17
097.09
002.01
069.32
016.32
004.23
016.14
058.66
002.15
004.15
036.50
028.53
077.24
010.98
081.02
082.00
092.22
059.37
073.16
022.84
034.05
087.65
046.66
010.41
093.72
070.53
051.15
091.24
100.49
094.85
089.15
054.31
023.05
048.89
047.28
004.82
044.29
066.71
055.09
031.39
006.33
090.72
019.59
066.45
038.16
097.79
079.78
057.34
017.05
005.23
015.62
064.61
055.24
045.81
096.94
001.11
086.81
012.19
032.87
020.76
088.60
055.52
085.33
072.31
030.61
099.87
043.21
074.69
089.25
056.66
030.71
038.63
080.24
078.42
036.85
007.34
054.51
100.15
053.31
044.49
045.86
084.93
011.19