111190;05;01;05;22;Sander
111665;16;14;05;22;Nelson
112812;06;24;05;22;Hernan
113105;06;07;05;22;Milton
113475;19;31;05;22;Brayan
113632;01;16;05;22;Daniel
114232;04;02;05;22;Thomas
114554;14;01;05;22;Dorian
114808;22;21;05;22;Jeshua
114993;29;05;05;22;Renier
115951;23;31;05;22;Hervey
116100;24;15;05;22;Delvin
116767;16;06;05;22;Maikel
117245;16;02;05;22;Manuel
117277;14;02;05;22;Samuel
118353;12;18;05;22;Justin
118605;09;05;05;22;Kenner
119398;27;01;05;22;Israel
120346;10;20;05;22;Andrew
120380;21;28;05;22;Hebert
120728;05;23;05;22;Gilmar
121097;29;13;05;22;Yanuel
121728;25;15;05;22;Robert
122476;22;14;05;22;Zlatan
123099;17;22;05;22;Marcel
124093;13;03;05;22;Elijah
125909;12;07;05;22;Alvaro
127051;29;17;05;22;Felipe
127340;01;13;05;22;Javier
127788;15;25;05;22;Andrus
128586;30;05;05;22;Jorman
128893;11;16;05;22;Marcos
129066;27;04;05;22;Davian
129814;04;23;05;22;Hector
129982;10;30;05;22;Edward
130329;19;04;05;22;Wilder
130635;29;24;05;22;Martin
130913;21;26;05;22;Rafael
131441;16;13;05;22;Jaider
131851;23;08;05;22;Yulian
132391;30;26;05;22;Harold
132962;30;29;05;22;Jahdai
134746;22;12;05;22;Hayden
135628;02;01;05;22;Moises
136045;08;13;05;22;Azarel
138600;07;29;05;22;Holman
138847;19;02;05;22;Carlos
139136;01;23;05;22;Jensen
139643;23;22;05;22;Yussel
139893;19;31;05;22;Matias
139963;10;27;05;22;Andrik
140150;17;18;05;22;Reiner
141575;11;28;05;22;Decker
141798;02;01;05;22;Yoseph
142420;27;10;05;22;Ademir
145859;07;09;05;22;Sergio
148085;23;26;05;22;Alexis
148598;08;24;05;22;Sameer
149290;25;08;05;22;Xander
151302;10;22;05;22;Kelvin
151574;28;06;05;22;Hasiel
151808;03;14;05;22;Yadiel
151961;26;09;05;22;Ronald
153943;27;14;05;22;Alexei
155362;25;02;05;22;Victor
155584;30;30;05;22;Itachi
156546;06;17;05;22;Alexey
157158;30;23;05;22;Andres
157561;28;26;05;22;Edrian
160132;01;03;05;22;Dereck
160297;22;25;05;22;Haziel
160730;01;25;05;22;Kentin
162044;16;12;05;22;Edrick
162567;08;09;05;22;Yoshio
163904;18;02;05;22;Rayner
163910;30;16;05;22;Leonid
164564;12;06;05;22;Arturo
165088;06;02;05;22;Jovani
165313;26;24;05;22;Dorlan
165550;13;21;05;22;Sasuke
166273;26;04;05;22;Jeydan
166421;20;05;05;22;Keyden
168026;28;04;05;22;Charly
168416;30;27;05;22;Joseph
169679;05;28;05;22;Limber
170507;06;21;05;22;Nilson
170614;06;31;05;22;Andree
170995;21;07;05;22;Hansel
171052;07;09;05;22;Freddy
171267;09;03;05;22;Wilson
171521;15;12;05;22;Taylor
172414;24;14;05;22;Marlon
172870;20;18;05;22;Franky
173555;03;17;05;22;Andros
174571;29;01;05;22;Heiner
175523;18;14;05;22;Isaias
176475;06;23;05;22;Miller
176875;19;18;05;22;Joshua
178581;04;17;05;22;Gerald
178984;19;09;05;22;Shamed
180182;02;31;05;22;Yeriel
180382;07;07;05;22;Edison
181910;04;30;05;22;Fabian
181964;16;24;05;22;Aldrin
182546;02;05;05;22;Marvin
182985;06;14;05;22;Camilo
183074;09;10;05;22;Damian
183553;17;18;05;22;Darwin
184139;06;26;05;22;Joseth
184519;11;01;05;22;Jeremy
186021;12;22;05;22;Derian
186777;09;03;05;22;Johari
188644;07;04;05;22;Wilmer
189743;30;19;05;22;Walter
189779;19;01;05;22;Jowell
189913;24;19;05;22;Eithel
190202;06;22;05;22;Michel
190644;19;18;05;22;Arthur
191421;21;29;05;22;Adrian
191720;25;10;05;22;Jhojan
192751;04;24;05;22;Gandhi
192989;13;24;05;22;German
193018;19;07;05;22;Markus
193348;09;05;05;22;Ramiro
193852;03;31;05;22;Demian
193854;11;02;05;22;Ferney
193858;17;15;05;22;Jayden
193892;26;17;05;22;Helder
194136;29;12;05;22;Diaval
194405;29;11;05;22;Nestor
194486;09;13;05;22;Melvin
194737;25;28;05;22;Maynor
195064;23;23;05;22;Albert
195783;14;15;05;22;Alonso
195982;01;08;05;22;Oliver
196562;03;06;05;22;Haniel
197931;30;24;05;22;Anakin
200380;29;01;05;22;Ulises
202465;09;18;05;22;Franco
202649;30;24;05;22;Emilio
202662;17;15;05;22;Leonel
203705;24;01;05;22;Ismael
203985;14;08;05;22;Andrey
204745;04;02;05;22;Mikael
204746;13;05;05;22;Daylan
204916;26;28;05;22;Jeziel
205031;22;24;05;22;Maykel
206754;10;27;05;22;Leyton
207493;11;07;05;22;Wilmar
207830;23;20;05;22;Helmut
207954;25;21;05;22;Miguel
208408;17;28;05;22;Shmuel
212592;10;14;05;22;Steven
213059;30;15;05;22;Rizvan
213862;10;29;05;22;Austin
214452;02;09;05;22;Kayden
214972;03;18;05;22;Harvey
216927;13;27;05;22;Jareth
217108;05;18;05;22;Rubén
217330;20;24;05;22;Julian
217923;15;29;05;22;Jasiel
218064;27;11;05;22;Hristo
219123;14;22;05;22;Gareth
220273;21;20;05;22;Jearim
220442;04;01;05;22;Nilton
220528;16;03;05;22;Eithan
221358;01;17;05;22;Yankel
221874;19;05;05;22;Jovany
222199;26;22;05;22;Abisai
200111;29;06;06;22;Heiner
200111;29;06;06;22;Heiner
200404;12;02;06;22;Derian
200708;09;03;06;22;Kenner
200738;05;06;06;22;Gilmar
200742;25;05;06;22;Maynor
201391;11;04;06;22;Jeremy
201437;20;03;06;22;Keyden
201524;17;05;06;22;Reiner
201617;06;06;06;22;Hernan
201666;09;03;06;22;Wilson
201715;19;03;06;22;Joshua
201947;25;06;06;22;Xander
202213;04;05;06;22;Gandhi
202621;07;03;06;22;Sergio
202630;05;03;06;22;Rubén
202639;11;02;06;22;Wilmar
202652;16;03;06;22;Edrick
202687;25;04;06;22;Victor
202788;13;04;06;22;Jareth
202919;16;05;06;22;Jaider
203031;09;04;06;22;Johari
203237;04;02;06;22;Hector
203502;19;02;06;22;Carlos
203514;15;01;06;22;Andrus
203955;30;03;06;22;Jorman
204121;06;05;06;22;Jovani
204160;24;05;06;22;Delvin
204260;26;02;06;22;Ronald
204413;19;03;06;22;Wilder
204428;06;03;06;22;Joseth
204443;26;03;06;22;Abisai
204607;29;02;06;22;Ulises
204922;22;04;06;22;Zlatan
204946;09;05;06;22;Franco
205336;01;05;06;22;Daniel
205371;06;05;06;22;Milton
205520;10;01;06;22;Kelvin
205560;28;06;06;22;Charly
205785;30;06;06;22;Walter
205944;24;02;06;22;Ismael
206319;26;02;06;22;Jeziel
206452;30;02;06;22;Jahdai
206731;05;02;06;22;Limber
206749;22;03;06;22;Hayden
206766;26;06;06;22;Helder
206880;30;05;06;22;Rizvan
206982;18;01;06;22;Isaias
207043;19;06;06;22;Jowell
207060;01;06;06;22;Jensen
207088;22;01;06;22;Haziel
207414;24;04;06;22;Eithel
207503;02;05;06;22;Moises
207540;02;03;06;22;Marvin
207689;30;06;06;22;Joseph
207698;21;04;06;22;Hansel
207738;01;03;06;22;Oliver
207985;29;06;06;22;Nestor
208047;06;05;06;22;Alexey
208068;19;02;06;22;Brayan
208151;16;04;06;22;Aldrin
208178;03;04;06;22;Haniel
208340;01;06;06;22;Kentin
208398;19;05;06;22;Jovany
208583;02;02;06;22;Yeriel
208585;10;04;06;22;Andrik
208825;13;04;06;22;Elijah
208847;22;01;06;22;Jeshua
208892;27;06;06;22;Israel
208901;14;05;06;22;Gareth
209036;09;05;06;22;Damian
209244;13;03;06;22;Sasuke
209285;27;03;06;22;Hristo
209442;10;01;06;22;Austin
209543;01;06;06;22;Javier
209545;16;05;06;22;Nelson
209673;21;04;06;22;Hebert
209749;28;05;06;22;Hasiel
209895;06;04;06;22;Nilson
209901;17;05;06;22;Shmuel
209965;23;03;06;22;Albert
210096;21;03;06;22;Jearim
210228;03;02;06;22;Demian
210349;20;01;06;22;Franky
210374;03;05;06;22;Yadiel
210413;19;04;06;22;Markus
210649;07;02;06;22;Edison
210846;17;04;06;22;Jayden
211068;29;02;06;22;Renier
211145;16;06;06;22;Manuel
211350;23;06;06;22;Yulian
211444;01;06;06;22;Yankel
211838;05;02;06;22;Sander
212145;12;03;06;22;Arturo
212163;06;01;06;22;Michel
212281;27;05;06;22;Ademir
212412;03;01;06;22;Andros
212452;01;04;06;22;Dereck
212694;21;06;06;22;Rafael
212781;30;03;06;22;Andres
212902;23;06;06;22;Helmut
213230;17;01;06;22;Marcel
213244;02;06;06;22;Yoseph
213312;06;04;06;22;Miller
213660;14;05;06;22;Alonso
213817;14;03;06;22;Andrey
214486;12;02;06;22;Justin
214488;16;01;06;22;Maikel
214522;08;03;06;22;Azarel
214523;15;01;06;22;Taylor
214695;14;03;06;22;Dorian
214733;20;02;06;22;Julian
215070;13;05;06;22;German
215097;07;04;06;22;Wilmer
215157;19;02;06;22;Arthur
215243;26;05;06;22;Dorlan
215609;19;03;06;22;Matias
215737;27;02;06;22;Davian
215837;27;06;06;22;Alexei
215893;12;02;06;22;Alvaro
216383;08;06;06;22;Yoshio
216457;25;03;06;22;Miguel
216489;14;05;06;22;Samuel
216692;06;05;06;22;Camilo
216741;07;03;06;22;Holman
216803;19;06;06;22;Shamed
216835;04;06;06;22;Gerald
217034;09;03;06;22;Melvin
217259;15;03;06;22;Jasiel
217262;13;04;06;22;Daylan
217477;17;01;06;22;Leonel
217553;06;01;06;22;Andree
217643;30;03;06;22;Leonid
217835;10;03;06;22;Edward
217860;22;01;06;22;Maykel
217869;02;04;06;22;Kayden
218298;11;03;06;22;Ferney
218319;10;04;06;22;Leyton
218364;10;01;06;22;Steven
218435;17;02;06;22;Darwin
218574;11;01;06;22;Marcos
218721;03;02;06;22;Harvey
218896;30;05;06;22;Anakin
218966;29;01;06;22;Yanuel
218993;04;03;06;22;Thomas
219225;30;04;06;22;Itachi
219230;09;05;06;22;Ramiro
219243;18;04;06;22;Rayner
219534;23;05;06;22;Alexis
219691;23;01;06;22;Yussel
219966;29;03;06;22;Felipe
220293;21;02;06;22;Adrian
220380;30;01;06;22;Emilio
220605;04;06;06;22;Fabian
220640;04;05;06;22;Nilton
220672;26;05;06;22;Jeydan
220770;10;02;06;22;Andrew
220925;11;05;06;22;Decker
221078;25;05;06;22;Robert
221220;24;04;06;22;Marlon
221292;04;02;06;22;Mikael
221335;29;04;06;22;Diaval
221484;23;03;06;22;Hervey
221600;16;05;06;22;Eithan
221722;29;03;06;22;Martin
221747;30;05;06;22;Harold
221896;07;02;06;22;Freddy
222019;25;02;06;22;Jhojan
222151;28;04;06;22;Edrian
222197;08;03;06;22;Sameer
200111;29;06;06;22;Heiner
200404;12;02;06;22;Derian
200708;09;03;06;22;Kenner
200738;05;06;06;22;Gilmar
200742;25;05;06;22;Maynor
201391;11;04;06;22;Jeremy
201437;20;03;06;22;Keyden
201524;17;05;06;22;Reiner
201617;06;06;06;22;Hernan
201666;09;03;06;22;Wilson
201715;19;03;06;22;Joshua
201947;25;06;06;22;Xander
202213;04;05;06;22;Gandhi
202621;07;03;06;22;Sergio
202630;05;03;06;22;Rubén
202639;11;02;06;22;Wilmar
202652;16;03;06;22;Edrick
202687;25;04;06;22;Victor
202788;13;04;06;22;Jareth
202919;16;05;06;22;Jaider
203031;09;04;06;22;Johari
203237;04;02;06;22;Hector
203502;19;02;06;22;Carlos
203514;15;01;06;22;Andrus
203955;30;03;06;22;Jorman
204121;06;05;06;22;Jovani
204160;24;05;06;22;Delvin
204260;26;02;06;22;Ronald
204413;19;03;06;22;Wilder
204428;06;03;06;22;Joseth
204443;26;03;06;22;Abisai
204607;29;02;06;22;Ulises
204922;22;04;06;22;Zlatan
204946;09;05;06;22;Franco
205336;01;05;06;22;Daniel
205371;06;05;06;22;Milton
205520;10;01;06;22;Kelvin
205560;28;06;06;22;Charly
205785;30;06;06;22;Walter
205944;24;02;06;22;Ismael
206319;26;02;06;22;Jeziel
206452;30;02;06;22;Jahdai
206731;05;02;06;22;Limber
206749;22;03;06;22;Hayden
206766;26;06;06;22;Helder
206880;30;05;06;22;Rizvan
206982;18;01;06;22;Isaias
207043;19;06;06;22;Jowell
207060;01;06;06;22;Jensen
207088;22;01;06;22;Haziel
207414;24;04;06;22;Eithel
207503;02;05;06;22;Moises
207540;02;03;06;22;Marvin
207689;30;06;06;22;Joseph
207698;21;04;06;22;Hansel
207738;01;03;06;22;Oliver
207985;29;06;06;22;Nestor
208047;06;05;06;22;Alexey
208068;19;02;06;22;Brayan
208151;16;04;06;22;Aldrin
208178;03;04;06;22;Haniel
208340;01;06;06;22;Kentin
208398;19;05;06;22;Jovany
208583;02;02;06;22;Yeriel
208585;10;04;06;22;Andrik
208825;13;04;06;22;Elijah
208847;22;01;06;22;Jeshua
208892;27;06;06;22;Israel
208901;14;05;06;22;Gareth
209036;09;05;06;22;Damian
209244;13;03;06;22;Sasuke
209285;27;03;06;22;Hristo
209442;10;01;06;22;Austin
209543;01;06;06;22;Javier
209545;16;05;06;22;Nelson
209673;21;04;06;22;Hebert
209749;28;05;06;22;Hasiel
209895;06;04;06;22;Nilson
209901;17;05;06;22;Shmuel
209965;23;03;06;22;Albert
210096;21;03;06;22;Jearim
210228;03;02;06;22;Demian
210349;20;01;06;22;Franky
210374;03;05;06;22;Yadiel
210413;19;04;06;22;Markus
210649;07;02;06;22;Edison
210846;17;04;06;22;Jayden
211068;29;02;06;22;Renier
211145;16;06;06;22;Manuel
211350;23;06;06;22;Yulian
211444;01;06;06;22;Yankel
211838;05;02;06;22;Sander
212145;12;03;06;22;Arturo
212163;06;01;06;22;Michel
212281;27;05;06;22;Ademir
212412;03;01;06;22;Andros
212452;01;04;06;22;Dereck
212694;21;06;06;22;Rafael
212781;30;03;06;22;Andres
212902;23;06;06;22;Helmut
213230;17;01;06;22;Marcel
213244;02;06;06;22;Yoseph
213312;06;04;06;22;Miller
213660;14;05;06;22;Alonso
213817;14;03;06;22;Andrey
214486;12;02;06;22;Justin
214488;16;01;06;22;Maikel
214522;08;03;06;22;Azarel
214523;15;01;06;22;Taylor
214695;14;03;06;22;Dorian
214733;20;02;06;22;Julian
215070;13;05;06;22;German
215097;07;04;06;22;Wilmer
215157;19;02;06;22;Arthur
215243;26;05;06;22;Dorlan
215609;19;03;06;22;Matias
215737;27;02;06;22;Davian
215837;27;06;06;22;Alexei
215893;12;02;06;22;Alvaro
216383;08;06;06;22;Yoshio
216457;25;03;06;22;Miguel
216489;14;05;06;22;Samuel
216692;06;05;06;22;Camilo
216741;07;03;06;22;Holman
216803;19;06;06;22;Shamed
216835;04;06;06;22;Gerald
217034;09;03;06;22;Melvin
217259;15;03;06;22;Jasiel
217262;13;04;06;22;Daylan
217477;17;01;06;22;Leonel
217553;06;01;06;22;Andree
217643;30;03;06;22;Leonid
217835;10;03;06;22;Edward
217860;22;01;06;22;Maykel
217869;02;04;06;22;Kayden
218298;11;03;06;22;Ferney
218319;10;04;06;22;Leyton
218364;10;01;06;22;Steven
218435;17;02;06;22;Darwin
218574;11;01;06;22;Marcos
218721;03;02;06;22;Harvey
218896;30;05;06;22;Anakin
218966;29;01;06;22;Yanuel
218993;04;03;06;22;Thomas
219225;30;04;06;22;Itachi
219230;09;05;06;22;Ramiro
219243;18;04;06;22;Rayner
219534;23;05;06;22;Alexis
219691;23;01;06;22;Yussel
219966;29;03;06;22;Felipe
220293;21;02;06;22;Adrian
220380;30;01;06;22;Emilio
220605;04;06;06;22;Fabian
220640;04;05;06;22;Nilton
220672;26;05;06;22;Jeydan
220770;10;02;06;22;Andrew
220925;11;05;06;22;Decker
221078;25;05;06;22;Robert
221220;24;04;06;22;Marlon
221292;04;02;06;22;Mikael
221335;29;04;06;22;Diaval
221484;23;03;06;22;Hervey
221600;16;05;06;22;Eithan
221722;29;03;06;22;Martin
221747;30;05;06;22;Harold
221896;07;02;06;22;Freddy
222019;25;02;06;22;Jhojan
222151;28;04;06;22;Edrian
222197;08;03;06;22;Sameer